Multiple size <= 100
TEST 1 ARG:48 92 35 61 81 96 78 45 46 19 33 99 24 68 5 51 73 95 93 82 47 27 98 36 9 71 37 14 53 67 1 66 83 58 65 63 57 42 43 32 72 30 20 89 12 26 74 18 11 39 90 22 28 29 84 4 21 75 97 13 0 31 59 17 91 69 88 86 41 80 49 76 87 38 62 3 54 16 50 10 85 8 40 52 56 64 60 34 2 94 25 7 70 79 44 15 6 55 23 77
TEST 2 ARG:6 59 38 19 57 9 79 21 29 71 69 13 95 78 93 53 7 54 63 15 68 43 48 28 61 49 27 22 35 30 83 17 75 51 23 55 66 85 18 0 67 52 32 96 10 11 92 81 1 98 77 24 8 42 64 70 36 44 89 2 99 14 50 25 5 72 76 58 91 88 33 45 80 26 47 62 41 90 16 12 20 65 84 87 74 46 40 86 60 56 34 82 3 73 97 94 4 31 39 37
TEST 3 ARG:3 41 11 83 19 24 23 62 54 77 29 17 55 79 13 4 73 70 37 36 45 71 84 72 94 89 48 68 61 76 2 16 28 8 51 97 93 27 38 30 0 95 47 46 65 60 50 69 18 53 5 57 6 59 9 26 12 86 78 75 22 98 34 42 64 81 85 88 1 15 21 49 39 74 92 58 31 90 35 10 44 87 43 14 66 91 67 33 56 82 63 32 52 99 25 20 96 80 40 7
TEST 4 ARG:45 78 34 87 22 62 58 43 42 6 93 40 18 29 84 7 47 2 50 72 36 88 25 11 59 32 68 96 86 52 39 99 57 13 82 64 98 46 61 38 30 27 89 15 31 41 71 67 48 1 85 55 4 35 74 49 28 56 19 14 90 81 3 9 73 97 26 0 5 24 23 10 21 12 60 37 75 83 80 17 92 65 51 77 76 54 70 33 16 91 63 66 95 44 79 8 53 69 20 94
TEST 5 ARG:12 16 85 88 13 41 42 10 54 37 92 69 86 46 72 7 35 47 97 60 55 65 66 19 30 25 63 87 36 99 93 39 26 68 82 62 67 18 59 34 15 9 70 48 4 98 21 71 53 40 22 43 6 20 11 89 14 77 44 81 51 64 84 95 31 32 1 2 57 50 52 58 76 73 91 83 78 17 24 0 23 28 94 61 3 38 5 45 8 33 27 29 96 56 75 74 90 49 79 80
TEST 6 ARG:26 43 68 24 77 75 37 88 84 32 54 21 53 64 22 57 94 30 36 61 52 73 70 95 44 56 41 25 90 81 60 39 8 40 27 69 99 38 0 62 15 85 96 91 14 3 79 71 23 46 47 20 29 76 51 65 78 63 10 97 33 92 31 2 82 83 45 48 18 50 42 11 74 13 7 72 5 16 12 34 55 98 87 1 58 89 9 93 49 86 6 67 59 19 17 80 4 28 66 35
TEST 7 ARG:13 6 63 55 14 86 31 79 37 89 87 3 34 19 12 4 43 29 58 9 36 70 5 51 56 97 61 71 90 67 99 7 96 8 11 81 24 76 44 27 77 92 42 50 16 84 64 47 17 54 10 41 49 82 40 80 74 94 18 48 53 60 72 20 73 66 15 1 68 46 21 75 25 52 69 28 22 62 98 88 83 2 93 78 45 91 38 0 59 35 33 32 23 30 85 95 57 26 65 39
TEST 8 ARG:61 12 69 83 99 82 46 55 18 10 60 87 20 22 58 53 86 43 76 48 26 49 56 78 16 70 97 91 96 98 5 94 28 1 84 38 21 37 81 6 4 89 2 39 71 64 32 15 66 95 74 52 24 44 85 40 92 27 9 13 29 68 7 51 63 0 75 42 54 34 3 45 17 47 59 72 80 67 11 50 14 79 73 8 23 88 33 31 30 57 93 36 62 19 65 35 77 90 41 25
TEST 9 ARG:60 92 59 90 42 26 0 68 76 28 47 51 11 48 94 36 35 16 7 62 14 34 55 54 73 22 96 82 13 71 49 95 46 88 66 72 50 79 87 97 61 25 65 2 27 77 24 64 53 89 43 10 4 31 23 20 39 3 15 18 37 33 58 12 40 9 1 83 93 63 52 81 6 74 67 84 19 75 41 32 30 17 99 85 21 29 57 38 91 70 98 56 86 44 78 8 80 45 5 69
TEST 10 ARG:10 49 62 46 81 95 45 32 80 56 65 90 36 30 16 44 64 69 11 3 93 40 12 51 89 38 96 6 8 31 54 35 98 18 0 87 68 28 17 7 13 78 60 50 67 99 47 58 2 77 92 59 75 53 21 41 76 23 24 88 84 43 39 33 42 52 26 74 72 20 66 82 94 63 9 37 85 91 1 57 15 4 25 83 86 71 48 14 55 61 73 22 79 5 70 27 34 97 29 19
TEST 11 ARG:73 20 61 40 96 44 79 86 10 84 13 74 34 7 92 87 38 63 2 60 27 59 95 66 53 55 46 43 37 65 1 76 98 32 69 83 11 88 68 49 8 5 94 58 21 22 80 97 52 56 54 41 82 35 25 18 57 0 39 78 15 48 19 24 4 26 30 50 91 23 93 62 71 3 85 17 12 45 6 81 16 90 89 70 9 72 75 31 67 51 99 28 36 14 42 33 47 29 64 77
TEST 12 ARG:56 23 87 92 61 11 65 64 82 37 2 73 52 71 39 19 93 24 98 17 38 30 50 45 29 21 66 4 42 88 95 41 59 86 36 31 13 1 76 77 32 44 48 5 34 67 22 16 79 35 51 0 40 75 90 9 7 3 62 49 14 43 80 8 83 53 15 20 74 91 26 25 85 99 68 97 60 81 63 47 78 69 72 70 27 12 6 55 10 94 46 54 57 58 33 18 84 89 96 28
TEST 13 ARG:63 91 40 46 76 33 14 12 28 8 1 60 38 81 83 18 99 3 78 71 26 53 52 7 11 37 4 34 73 45 97 80 35 88 74 94 93 24 25 30 48 0 96 98 51 13 56 19 16 87 20 15 44 54 64 6 5 55 62 85 77 31 29 79 32 17 49 95 41 10 58 2 89 67 47 82 92 65 43 50 69 72 42 75 90 59 84 36 9 22 68 61 27 21 70 39 23 57 86 66
TEST 14 ARG:56 40 7 63 57 45 22 6 50 95 60 76 89 27 79 85 74 31 25 96 51 72 92 91 19 17 28 64 35 58 10 43 41 81 80 18 78 16 32 9 44 54 62 23 33 20 47 36 70 30 0 3 39 11 82 90 52 46 38 75 8 83 37 42 55 5 73 29 24 34 94 61 97 67 65 98 13 77 86 53 48 4 26 66 69 12 87 99 14 49 1 71 15 59 84 21 68 88 93 2
TEST 15 ARG:82 10 89 90 13 99 96 46 8 52 95 84 59 74 29 27 43 56 14 16 21 5 11 50 3 80 39 45 44 87 37 48 69 73 78 49 86 20 24 85 30 28 36 71 19 12 92 25 51 23 58 6 9 64 2 61 35 31 75 91 15 41 32 62 94 72 67 18 22 33 60 7 63 97 54 42 26 40 81 83 77 38 98 57 68 65 79 93 76 34 4 55 1 70 88 66 53 0 47 17
TEST 16 ARG:41 93 86 91 89 50 47 38 34 53 14 1 92 85 44 0 35 39 7 62 33 46 69 81 56 72 55 77 20 13 45 25 96 76 71 8 6 27 10 59 9 16 2 64 5 67 68 99 73 12 43 42 70 60 95 31 4 84 21 78 24 36 32 15 82 52 65 49 57 11 26 37 90 66 88 94 28 87 75 3 51 83 30 48 63 97 17 40 19 23 80 22 29 98 54 18 79 74 61 58
